{
  "advancedEditorSelectedIdentifier" : "ProjectBrowser",
  "openSceneRelativePaths" : [
    "Scene.usda",
    "FishScene.usda",
    "ClamScene.usda",
    "StarfishScene.usda",
    "SlugScene.usda"
  ],
  "recentIdentifiers" : {
    "26DBAE76-5DD8-47B6-A085-1B4ADA111097" : [

    ]
  },
  "sceneCameraHistory" : {
    "9AC21283-B02E-4D52-8519-7CC930D4C053" : [
      {
        "date" : 735180629.314409,
        "title" : "Untitled",
        "transform" : [
          1,
          0,
          -0,
          0,
          -0,
          0.8660254,
          -0.5,
          0,
          0,
          0.5,
          0.8660254,
          0,
          0,
          0.20522675,
          0.35546318,
          1
        ]
      }
    ],
    "26DBAE76-5DD8-47B6-A085-1B4ADA111097" : [
      {
        "date" : 735183713.734293,
        "title" : "Untitled",
        "transform" : [
          0.9999785,
          -4.9553694e-12,
          0.006553201,
          0,
          0.003183675,
          0.874059,
          -0.48580936,
          0,
          -0.0057278853,
          0.4858198,
          0.87404025,
          0,
          -0.001279417,
          0.18926185,
          0.3366059,
          1
        ]
      },
      {
        "date" : 735179978.401335,
        "title" : "Untitled",
        "transform" : [
          0.99999994,
          0,
          -0,
          0,
          -0,
          0.8660255,
          -0.49999988,
          0,
          0,
          0.49999988,
          0.8660255,
          0,
          0,
          0.1924183,
          0.3334783,
          1
        ]
      }
    ],
    "9380A592-F88B-45FB-B2DA-7F267841CFC9" : [
      {
        "date" : 735183280.112466,
        "title" : "Untitled",
        "transform" : [
          0.8521404,
          6.554009e-09,
          -0.5233132,
          0,
          -0.36678922,
          0.71326137,
          -0.5972637,
          0,
          0.37325904,
          0.70089805,
          0.60779893,
          0,
          0.043451134,
          0.1259323,
          0.116266005,
          1
        ]
      },
      {
        "date" : 735180716.271689,
        "title" : "Untitled",
        "transform" : [
          0.81785744,
          2.1842963e-09,
          -0.575421,
          0,
          -0.31468597,
          0.83721125,
          -0.44726956,
          0,
          0.48174885,
          0.54687953,
          0.68471944,
          0,
          0.06350124,
          0.099506676,
          0.13164628,
          1
        ]
      },
      {
        "date" : 735180714.672528,
        "title" : "Untitled",
        "transform" : [
          0.81785744,
          2.1842963e-09,
          -0.575421,
          0,
          -0.31468597,
          0.83721125,
          -0.44726956,
          0,
          0.48174885,
          0.54687953,
          0.68471944,
          0,
          0.06152703,
          0.111679584,
          0.123312876,
          1
        ]
      },
      {
        "date" : 735180713.137085,
        "title" : "Untitled",
        "transform" : [
          0.81785744,
          2.1842963e-09,
          -0.575421,
          0,
          -0.31468597,
          0.83721125,
          -0.44726956,
          0,
          0.48174885,
          0.54687953,
          0.68471944,
          0,
          0.085919924,
          0.09978372,
          0.1156519,
          1
        ]
      },
      {
        "date" : 735180681.439364,
        "title" : "Untitled",
        "transform" : [
          0.81785744,
          2.1842963e-09,
          -0.575421,
          0,
          -0.31468597,
          0.83721125,
          -0.44726956,
          0,
          0.48174885,
          0.54687953,
          0.68471944,
          0,
          0.19927686,
          0.2284661,
          0.27676842,
          1
        ]
      },
      {
        "date" : 735180676.557027,
        "title" : "Untitled",
        "transform" : [
          0.7014159,
          -4.355254e-10,
          0.71275216,
          0,
          0.3071986,
          0.90235025,
          -0.3023126,
          0,
          -0.6431522,
          0.43100333,
          0.6329228,
          0,
          -0.26869518,
          0.18733405,
          0.24789752,
          1
        ]
      },
      {
        "date" : 735180672.284584,
        "title" : "Untitled",
        "transform" : [
          0.99739367,
          0,
          0.072151475,
          0,
          0.036075737,
          0.8660254,
          -0.49869683,
          0,
          -0.06248501,
          0.5,
          0.8637682,
          0,
          -0.036977157,
          0.21523422,
          0.34792417,
          1
        ]
      },
      {
        "date" : 735180670.819206,
        "title" : "Untitled",
        "transform" : [
          0.99739367,
          0,
          0.072151475,
          0,
          0.036075737,
          0.8660254,
          -0.49869683,
          0,
          -0.06248501,
          0.5,
          0.8637682,
          0,
          0.04599371,
          0.21946299,
          0.3514785,
          1
        ]
      },
      {
        "date" : 735180639.887238,
        "title" : "Untitled",
        "transform" : [
          1,
          0,
          -0,
          0,
          -0,
          0.8660254,
          -0.5,
          0,
          0,
          0.5,
          0.8660254,
          0,
          0,
          0.20522675,
          0.35546318,
          1
        ]
      }
    ],
    "AB8FC95C-6177-47BE-A896-ACD9D5D9605A" : [
      {
        "date" : 735180580.897261,
        "title" : "Untitled",
        "transform" : [
          0.8361274,
          6.2477277e-09,
          0.5485352,
          0,
          0.16893643,
          0.9513936,
          -0.2575083,
          0,
          -0.521873,
          0.30797735,
          0.79548645,
          0,
          -0.35930693,
          0.20830156,
          0.27682957,
          1
        ]
      },
      {
        "date" : 735180572.609876,
        "title" : "Untitled",
        "transform" : [
          0.96321005,
          0,
          0.26874968,
          0,
          0.13437484,
          0.8660254,
          -0.48160502,
          0,
          -0.23274405,
          0.5,
          0.8341644,
          0,
          -0.26600868,
          0.29508102,
          0.31459796,
          1
        ]
      },
      {
        "date" : 735180556.893832,
        "title" : "Untitled",
        "transform" : [
          1,
          0,
          0,
          0,
          0,
          0.8660254,
          -0.5,
          0,
          0,
          0.5,
          0.8660254,
          0,
          0.08761194,
          0.8670591,
          -0.026646018,
          1
        ]
      },
      {
        "date" : 735180106.944183,
        "title" : "Untitled",
        "transform" : [
          1,
          0,
          -0,
          0,
          -0,
          0.8660254,
          -0.5,
          0,
          0,
          0.5,
          0.8660254,
          0,
          0,
          0.20522675,
          0.35546318,
          1
        ]
      }
    ],
    "ED929A86-155E-42DF-8B6A-32BFDA95C40C" : [
      {
        "date" : 735180836.904117,
        "title" : "Untitled",
        "transform" : [
          0.9806601,
          -0.00043180972,
          -0.19571827,
          0,
          -0.11821827,
          0.79565936,
          -0.5940964,
          0,
          0.1559816,
          0.60574406,
          0.7802203,
          0,
          0.17560875,
          0.23168811,
          0.31988522,
          1
        ]
      },
      {
        "date" : 735180835.462183,
        "title" : "Untitled",
        "transform" : [
          0.9806601,
          -0.00043180972,
          -0.19571827,
          0,
          -0.11821827,
          0.79565936,
          -0.5940964,
          0,
          0.1559816,
          0.60574406,
          0.7802203,
          0,
          0.18659806,
          0.23432156,
          0.31564367,
          1
        ]
      },
      {
        "date" : 735180810.2736,
        "title" : "Untitled",
        "transform" : [
          0.9806601,
          -0.00043180972,
          -0.19571827,
          0,
          -0.11821827,
          0.79565936,
          -0.5940964,
          0,
          0.1559816,
          0.60574406,
          0.7802203,
          0,
          0.05797169,
          0.28231567,
          0.30409712,
          1
        ]
      },
      {
        "date" : 735180803.725589,
        "title" : "Untitled",
        "transform" : [
          0.9933131,
          3.0130473e-10,
          -0.115451954,
          0,
          -0.066920355,
          0.81487405,
          -0.57576215,
          0,
          0.0940788,
          0.5796381,
          0.80942506,
          0,
          0.039366268,
          0.24254332,
          0.3386951,
          1
        ]
      },
      {
        "date" : 735180802.441818,
        "title" : "Untitled",
        "transform" : [
          0.9933131,
          9.634128e-09,
          -0.11545196,
          0,
          -0.06692036,
          0.814874,
          -0.5757621,
          0,
          0.0940788,
          0.5796381,
          0.80942506,
          0,
          0.039366268,
          0.24254332,
          0.3386951,
          1
        ]
      },
      {
        "date" : 735180795.33282,
        "title" : "Untitled",
        "transform" : [
          0.6673486,
          1.36326115e-08,
          0.74474543,
          0,
          0.3978653,
          0.8453392,
          -0.3565176,
          0,
          -0.62956256,
          0.53422993,
          0.56413597,
          0,
          -0.26343393,
          0.22354299,
          0.23605691,
          1
        ]
      },
      {
        "date" : 735180735.320654,
        "title" : "Untitled",
        "transform" : [
          1,
          0,
          0,
          0,
          0,
          0.8660254,
          -0.5,
          0,
          0,
          0.5,
          0.8660254,
          0,
          0,
          0.20921984,
          0.36237943,
          1
        ]
      },
      {
        "date" : 735180630.46831,
        "title" : "Untitled",
        "transform" : [
          1,
          0,
          -0,
          0,
          -0,
          0.8660254,
          -0.5,
          0,
          0,
          0.5,
          0.8660254,
          0,
          0,
          0.20522675,
          0.35546318,
          1
        ]
      }
    ]
  },
  "selectedSceneRelativePath" : "Scene.usda"
}